0 0.246949 0.907264 0.098727 0.153556
0 0.313867 0.415049 0.029781 0.041597
0 0.366016 0.424792 0.040141 0.047306
0 0.576258 0.483083 0.050875 0.052889
0 0.244359 0.408444 0.029813 0.027000
0 0.211578 0.403486 0.024719 0.024972
0 0.176875 0.394785 0.020000 0.019875
0 0.227637 0.451188 0.042695 0.042903
0 0.267695 0.484528 0.044922 0.044722
0 0.235777 0.522000 0.041727 0.056556
0 0.409402 0.675194 0.059086 0.113833
0 0.284801 0.690958 0.060633 0.132806
0 0.340656 0.542938 0.051359 0.061986
0 0.850840 0.694007 0.089523 0.083181
0 0.521508 0.653722 0.071312 0.110250
0 0.267227 0.587076 0.047422 0.076542
0 0.700340 0.598917 0.066695 0.071306
0 0.715336 0.513646 0.055375 0.059792
0 0.456187 0.604014 0.051344 0.077194
0 0.878461 0.649326 0.082687 0.071264
0 0.673836 0.957479 0.130016 0.085042
0 0.425445 0.545243 0.065328 0.083264
0 0.495082 0.546556 0.057195 0.076250
0 0.445246 0.463611 0.042227 0.038139
0 0.457316 0.449743 0.038898 0.033653
0 0.484598 0.435500 0.041883 0.038472
0 0.267070 0.396292 0.024141 0.023250
0 0.774734 0.870417 0.118641 0.148306
