0 0.380531 0.424750 0.029156 0.032056
0 0.722699 0.548438 0.064523 0.070153
0 0.595125 0.528715 0.048922 0.060597
0 0.839027 0.618604 0.091758 0.080875
0 0.499820 0.556868 0.065250 0.073042
0 0.532348 0.674667 0.070008 0.105194
0 0.626020 0.499549 0.052102 0.053181
0 0.447813 0.457743 0.046500 0.048264
0 0.440617 0.581764 0.052109 0.067083
0 0.353422 0.465382 0.048797 0.066292
0 0.342871 0.543014 0.040086 0.067778
0 0.491867 0.462903 0.038531 0.040222
0 0.284105 0.596604 0.088664 0.163181
0 0.247059 0.518583 0.078477 0.082222
0 0.970547 0.732410 0.058906 0.122597
0 0.834855 0.554500 0.082742 0.081556
0 0.515152 0.442722 0.045258 0.043028
0 0.429902 0.425826 0.031586 0.034208
0 0.363301 0.436715 0.037305 0.034819
0 0.325520 0.419590 0.029742 0.027764
0 0.285660 0.407979 0.028680 0.029903
0 0.254379 0.457757 0.034008 0.038931
0 0.244395 0.431833 0.039695 0.033139
0 0.174328 0.391278 0.023953 0.022167
0 0.199922 0.398701 0.023844 0.024958
0 0.213957 0.396979 0.018273 0.022375
