0 0.778332 0.642958 0.087617 0.117111
0 0.842543 0.615944 0.072773 0.069472
0 0.616543 0.497646 0.051570 0.059653
0 0.285625 0.625569 0.053938 0.103528
0 0.736105 0.518403 0.052773 0.050639
0 0.700043 0.537701 0.057023 0.058625
0 0.476270 0.632667 0.059898 0.081889
0 0.404754 0.443861 0.034727 0.037444
0 0.229977 0.469278 0.034109 0.033111
0 0.550500 0.472493 0.052297 0.055625
0 0.464328 0.451215 0.035156 0.036736
0 0.263406 0.413236 0.027500 0.028194
0 0.516848 0.434736 0.046867 0.038639
0 0.560098 0.451028 0.041758 0.040917
0 0.661297 0.468646 0.052406 0.042042
0 0.254344 0.400944 0.025625 0.025556
0 0.224395 0.407486 0.025555 0.025361
0 0.371773 0.439194 0.029594 0.034333
0 0.235809 0.441660 0.036711 0.031097
0 0.386207 0.486299 0.043664 0.042375
0 0.379555 0.511500 0.046422 0.058000
0 0.464496 0.522208 0.057711 0.060667
0 0.544348 0.587431 0.062820 0.087778
0 0.274883 0.459000 0.036609 0.046972
0 0.299527 0.406632 0.029852 0.022736
0 0.341137 0.425583 0.032742 0.034722
0 0.324355 0.446000 0.042086 0.049639
0 0.990824 0.642319 0.018023 0.057972
0 0.338211 0.525931 0.062266 0.090028
0 0.438078 0.582187 0.048578 0.062819
0 0.623305 0.679708 0.078016 0.101861
0 0.292566 0.503799 0.040148 0.049764
0 0.262273 0.898542 0.121719 0.191667
