0 0.273965 0.839493 0.085648 0.135764
0 0.874926 0.697778 0.079148 0.081972
0 0.507133 0.464465 0.040359 0.037986
0 0.423809 0.421687 0.037070 0.034153
0 0.668086 0.521965 0.043828 0.044931
0 0.382117 0.624201 0.050766 0.077236
0 0.239656 0.521167 0.040266 0.063167
0 0.307414 0.529340 0.047016 0.072653
0 0.639145 0.561507 0.038602 0.050625
0 0.985582 0.636264 0.028383 0.087583
0 0.335848 0.425639 0.022367 0.029889
0 0.853082 0.942514 0.107055 0.108250
0 0.599367 0.645507 0.077984 0.087597
0 0.434125 0.897319 0.118391 0.197083
0 0.184406 0.440583 0.040422 0.034806
0 0.180668 0.471278 0.038992 0.049222
0 0.292371 0.464444 0.058742 0.052222
0 0.347316 0.491139 0.047195 0.046944
0 0.189668 0.394924 0.023930 0.022486
0 0.230180 0.398222 0.022422 0.020306
0 0.252910 0.406944 0.029414 0.025000
0 0.344082 0.410083 0.023648 0.022722
0 0.830715 0.612056 0.071617 0.062139
0 0.563566 0.487271 0.051773 0.043181
0 0.566656 0.450535 0.045594 0.042431
