0 0.449383 0.953160 0.130016 0.093681
0 0.428723 0.502424 0.046352 0.048208
0 0.560852 0.510090 0.048672 0.048569
0 0.289469 0.501903 0.037484 0.041806
0 0.745027 0.559569 0.055695 0.054778
0 0.396125 0.691528 0.059344 0.093444
0 0.659371 0.514181 0.059820 0.047861
0 0.240484 0.466326 0.041906 0.049708
0 0.502387 0.554028 0.049195 0.056472
0 0.267316 0.539250 0.040164 0.069194
0 0.620637 0.550562 0.052273 0.055542
0 0.866848 0.720812 0.096039 0.097514
0 0.367836 0.512285 0.050781 0.058292
0 0.779273 0.545604 0.044672 0.039958
0 0.732383 0.627389 0.076016 0.090222
0 0.201359 0.483486 0.043500 0.053306
0 0.219313 0.417847 0.038203 0.042083
0 0.346266 0.430778 0.037219 0.035500
0 0.438582 0.441514 0.038461 0.038556
