0 0.275813 0.707993 0.062688 0.101264
0 0.271941 0.832722 0.080508 0.161889
0 0.686523 0.742688 0.090188 0.116347
0 0.497332 0.481389 0.042758 0.038750
0 0.462691 0.949444 0.114289 0.095083
0 0.326355 0.416861 0.034852 0.035861
0 0.762918 0.409319 0.037430 0.050444
0 0.965617 0.707667 0.064375 0.065278
0 0.593109 0.466097 0.037734 0.038944
0 0.192555 0.399701 0.018516 0.020819
0 0.239777 0.409000 0.024055 0.018972
0 0.265559 0.409931 0.026039 0.026028
0 0.308840 0.468313 0.039180 0.036319
0 0.276602 0.484965 0.040672 0.047653
0 0.239395 0.532618 0.037117 0.046986
0 0.427020 0.439646 0.040867 0.037653
0 0.397031 0.446146 0.035234 0.028653
0 0.481191 0.611319 0.068867 0.083611
0 0.377227 0.619382 0.063156 0.097347
0 0.556824 0.464042 0.052602 0.056361
0 0.772852 0.652861 0.078312 0.090583
0 0.635223 0.557438 0.058961 0.051931
0 0.814422 0.519597 0.059906 0.057917
0 0.768801 0.568944 0.067367 0.067306
0 0.608117 0.889674 0.110719 0.182292
