0 0.800590 0.506889 0.063258 0.047667
0 0.682031 0.497563 0.052500 0.052875
0 0.250977 0.402736 0.026172 0.029806
0 0.283645 0.402583 0.027086 0.022333
0 0.301898 0.423569 0.027719 0.025000
0 0.362973 0.413792 0.024836 0.022028
0 0.387184 0.430090 0.031383 0.027681
0 0.344719 0.432625 0.028891 0.023472
0 0.321938 0.476458 0.044500 0.045139
0 0.274906 0.494688 0.046828 0.052236
0 0.375008 0.517243 0.051625 0.060847
0 0.262570 0.947083 0.104016 0.105833
0 0.468605 0.970611 0.120008 0.058778
0 0.628160 0.869840 0.131430 0.170319
0 0.258871 0.549375 0.041852 0.075972
0 0.576906 0.527972 0.047875 0.054750
0 0.565293 0.478840 0.051898 0.052153
0 0.709703 0.551840 0.060687 0.062014
0 0.955594 0.604542 0.060469 0.071000
0 0.821996 0.559021 0.068773 0.055764
0 0.424316 0.566549 0.052336 0.080403
0 0.301055 0.650069 0.051656 0.093056
0 0.332496 0.536979 0.043039 0.062375
0 0.778430 0.655236 0.084578 0.071583
