0 0.825617 0.553174 0.072453 0.071042
0 0.765852 0.602361 0.068687 0.075500
0 0.559059 0.775174 0.082117 0.124764
0 0.835090 0.689382 0.090305 0.084542
0 0.555629 0.460847 0.035242 0.038972
0 0.282715 0.652715 0.056102 0.099875
0 0.323359 0.515882 0.047531 0.090819
0 0.502848 0.649896 0.069930 0.107847
0 0.245195 0.468882 0.037844 0.045958
0 0.352063 0.438153 0.024984 0.019639
0 0.203242 0.402910 0.038703 0.040319
0 0.272590 0.409965 0.028961 0.023764
0 0.304406 0.405604 0.027719 0.022958
0 0.325031 0.421806 0.029750 0.028889
0 0.379281 0.478861 0.052484 0.057806
0 0.968879 0.716097 0.062242 0.103639
0 0.621121 0.455639 0.046492 0.042083
0 0.632527 0.482514 0.048773 0.044111
0 0.615559 0.506854 0.054758 0.055264
0 0.224230 0.934306 0.119039 0.131389
0 0.431035 0.949875 0.135477 0.100250
0 0.261680 0.549396 0.052687 0.068125
0 0.460195 0.470486 0.041797 0.036528
0 0.390660 0.434090 0.033367 0.035708
0 0.485961 0.466111 0.033984 0.043111
