0 0.286984 0.632396 0.053906 0.082653
0 0.273840 0.589083 0.040055 0.053778
0 0.328805 0.546667 0.045594 0.060611
0 0.236766 0.522424 0.037922 0.049236
0 0.340949 0.491750 0.049008 0.056056
0 0.346703 0.468451 0.045594 0.032958
0 0.198949 0.482278 0.041117 0.053778
0 0.240668 0.465542 0.038773 0.039778
0 0.265805 0.451528 0.045922 0.039056
0 0.209996 0.435688 0.040742 0.037625
0 0.178406 0.418854 0.011297 0.016986
0 0.501379 0.485861 0.049430 0.056778
0 0.537172 0.434931 0.044313 0.054167
0 0.473469 0.425632 0.053688 0.050708
0 0.447582 0.461250 0.036008 0.039389
0 0.388781 0.443049 0.041969 0.041625
0 0.381840 0.426500 0.031945 0.026722
0 0.378660 0.415833 0.029430 0.025917
0 0.316418 0.417667 0.032320 0.032028
0 0.264270 0.410806 0.024586 0.030056
0 0.610254 0.474090 0.050336 0.051625
0 0.447281 0.573403 0.053781 0.065833
0 0.979398 0.580125 0.041125 0.071694
0 0.936516 0.692208 0.085641 0.076556
0 0.282738 0.782111 0.078508 0.169556
0 0.663152 0.476292 0.043758 0.030861
0 0.397578 0.657521 0.069687 0.137236
0 0.234305 0.398104 0.032047 0.029097
0 0.929129 0.608486 0.083602 0.075306
0 0.676910 0.580743 0.062211 0.066819
0 0.522504 0.693181 0.066523 0.116250
0 0.682719 0.721694 0.086203 0.128083
0 0.811191 0.676153 0.085023 0.082917
0 0.188598 0.394361 0.023523 0.026417
0 0.596523 0.529813 0.038641 0.048931
0 0.882629 0.959729 0.131617 0.068264
0 0.551070 0.587764 0.076875 0.091889
0 0.678992 0.963493 0.123516 0.073014
0 0.282668 0.991715 0.085477 0.016569
