0 0.544996 0.502125 0.044727 0.050056
0 0.443539 0.502944 0.049437 0.066778
0 0.401004 0.677424 0.060992 0.114903
0 0.657918 0.699174 0.088586 0.113542
0 0.308668 0.521285 0.039961 0.057486
0 0.467348 0.438743 0.040352 0.050375
0 0.650879 0.573160 0.051320 0.038792
0 0.628617 0.510549 0.052250 0.047597
0 0.703902 0.503556 0.056852 0.056694
0 0.920125 0.651618 0.100234 0.102764
0 0.766156 0.642278 0.077375 0.085111
0 0.498109 0.628722 0.066484 0.102194
0 0.597602 0.826569 0.094047 0.139778
0 0.418410 0.433819 0.037852 0.036611
0 0.346613 0.424750 0.033961 0.033278
0 0.868488 0.926438 0.143336 0.147125
0 0.372699 0.593674 0.053508 0.068403
0 0.376855 0.519229 0.049383 0.063903
0 0.660230 0.966632 0.118602 0.066736
0 0.971129 0.833361 0.057742 0.162806
0 0.546262 0.462285 0.056383 0.047431
0 0.255215 0.481750 0.043320 0.048722
0 0.248133 0.447368 0.038953 0.029875
0 0.192195 0.448389 0.043906 0.057694
0 0.332488 0.481215 0.041758 0.043931
0 0.381172 0.475528 0.045375 0.039389
0 0.227594 0.919431 0.136516 0.161139
0 0.403984 0.414722 0.033266 0.028583
0 0.348199 0.405806 0.032148 0.026028
0 0.294570 0.419104 0.028969 0.023764
0 0.259438 0.415924 0.027375 0.026875
0 0.216301 0.403389 0.024555 0.022833
0 0.235766 0.401937 0.023422 0.022181
0 0.188031 0.391458 0.018125 0.027250
0 0.172762 0.398986 0.020242 0.021222
