0 0.399973 0.417424 0.038992 0.037653
0 0.372512 0.473910 0.041430 0.039319
0 0.748547 0.577972 0.070609 0.064361
0 0.431930 0.507229 0.047422 0.061319
0 0.425062 0.571187 0.046359 0.067486
0 0.735187 0.792583 0.123297 0.168417
0 0.737738 0.492535 0.051555 0.051847
0 0.293238 0.778486 0.072430 0.150000
0 0.333816 0.486021 0.042555 0.046042
0 0.322051 0.417250 0.041477 0.034167
0 0.913605 0.577306 0.082945 0.086500
0 0.251699 0.551090 0.041086 0.049458
0 0.292254 0.506646 0.039008 0.062097
0 0.328020 0.541375 0.038570 0.062972
0 0.508844 0.566375 0.054641 0.063167
0 0.897281 0.460250 0.070922 0.064389
0 0.301063 0.596229 0.042797 0.074347
0 0.544289 0.733528 0.073797 0.110306
0 0.194805 0.389958 0.019656 0.021194
0 0.211906 0.400375 0.021859 0.024917
0 0.260328 0.408924 0.033578 0.022319
0 0.280574 0.436590 0.057352 0.046653
