0 0.482926 0.471910 0.041492 0.029542
0 0.386320 0.626479 0.060344 0.094069
0 0.591023 0.523118 0.037328 0.045514
0 0.456922 0.587201 0.055906 0.070347
0 0.276934 0.604681 0.046836 0.076667
0 0.785410 0.561993 0.099039 0.095264
0 0.850078 0.562396 0.061766 0.079153
0 0.718422 0.604090 0.064609 0.080347
0 0.528711 0.726479 0.068359 0.103097
0 0.781203 0.423146 0.037516 0.039708
0 0.817031 0.927535 0.153516 0.144486
0 0.428723 0.938347 0.143883 0.123306
0 0.259605 0.553299 0.046320 0.056764
0 0.185609 0.388194 0.016125 0.024722
0 0.173234 0.391056 0.016641 0.023611
0 0.212516 0.396729 0.026516 0.029042
0 0.248484 0.396715 0.027703 0.029542
0 0.264090 0.480410 0.047852 0.055736
0 0.341000 0.489500 0.057125 0.058667
0 0.457160 0.519715 0.056461 0.055736
0 0.375469 0.442569 0.037625 0.038722
0 0.407480 0.436076 0.037617 0.033958
0 0.483402 0.443271 0.034523 0.036375
0 0.613719 0.476444 0.036594 0.034639
0 0.306184 0.413299 0.020102 0.019597
0 0.575605 0.480167 0.052039 0.051056
